0 0 0 6.95257e-310 0
0 0 0 6.92454e-310 6.92454e-310
0 0 0 0 6.95257e-310
0 0 0 0 6.92454e-310
0 0 0 0 0
0 0 0 0 0
0 0 0 0 0
0 0 0 0 0
0 0 0 0 0
0 0 0 0 0
0 0 0 0 0
0 0 0 0 0
0 0 0 0 0
0 0 0 0 0
0 0 0 0 0
0 0 0 0 0
0 0 0 0 0
0 0 0 0 0
0 0 0 0 0
0 0 0 0 0
0 0 0 0 0
0 0 0 0 0
0 0 0 0 0
0 0 0 0 0
0 0 0 0 0
0 0 0 0 0
0 0 0 0 0
6.95257e-310 0 0 0 0
6.92454e-310 0 0 0 0
4.68951e-315 6.95257e-310 0 0 0
2.122e-314 6.92454e-310 0 0 0
2.122e-314 4.68951e-315 6.95257e-310 0 0
3.45846e-321 2.122e-314 6.92454e-310 0 0
-2 2.122e-314 4.68951e-315 6.95257e-310 0
0.01 3.45846e-321 2.122e-314 6.92454e-310 0
0.01 -2 2.122e-314 4.68951e-315 6.95257e-310
-nan 0.01 3.45846e-321 2.122e-314 6.92454e-310
6.95257e-310 0.01 -2 2.122e-314 4.68951e-315
-nan -nan 0.01 3.45846e-321 2.122e-314
6.95257e-310 6.95257e-310 0.01 -2 2.122e-314
1 -nan -nan 0.01 3.45846e-321
-nan 6.95257e-310 6.95257e-310 0.01 -2
6.95257e-310 1 -nan -nan 0.01
-nan -nan 6.95257e-310 6.95257e-310 0.01
6.95257e-310 6.95257e-310 1 -nan -nan
-nan -nan -nan 6.95257e-310 6.95257e-310
6.95257e-310 6.95257e-310 6.95257e-310 1 -nan
-nan -nan -nan -nan 6.95257e-310
6.95257e-310 6.95257e-310 6.95257e-310 6.95257e-310 1
-nan -nan -nan -nan -nan
6.95257e-310 6.95257e-310 6.95257e-310 6.95257e-310 6.95257e-310
-nan -nan -nan -nan -nan
6.95257e-310 6.95257e-310 6.95257e-310 6.95257e-310 6.95257e-310
2.33367e+63 -nan -nan -nan -nan
0 6.95257e-310 6.95257e-310 6.95257e-310 6.95257e-310
0 2.33367e+63 -nan -nan -nan
2.07317e-317 0 6.95257e-310 6.95257e-310 6.95257e-310
6.95257e-310 0 2.33367e+63 -nan -nan
0 2.07317e-317 0 6.95257e-310 6.95257e-310
0 6.95257e-310 0 2.33367e+63 -nan
2.07473e-317 0 2.07317e-317 0 6.95257e-310
6.92454e-310 0 6.95257e-310 0 2.33367e+63
0 2.07473e-317 0 2.07317e-317 0
6.95257e-310 6.92454e-310 0 6.95257e-310 0
2.78563e-314 0 2.07473e-317 0 2.07317e-317
2.07329e-317 6.95257e-310 6.92454e-310 0 6.95257e-310
0 2.78563e-314 0 2.07473e-317 0
1.52228e+118 2.07329e-317 6.95257e-310 6.92454e-310 0
2.07317e-317 0 2.78563e-314 0 2.07473e-317
6.95257e-310 1.52228e+118 2.07329e-317 6.95257e-310 6.92454e-310
0 2.07317e-317 0 2.78563e-314 0
0 6.95257e-310 1.52228e+118 2.07329e-317 6.95257e-310
-2.04719e-118 0 2.07317e-317 0 2.78563e-314
-4.60138e-123 0 6.95257e-310 1.52228e+118 2.07329e-317
6.95251e-310 -2.04719e-118 0 2.07317e-317 0
0 -4.60138e-123 0 6.95257e-310 1.52228e+118
0 6.95251e-310 -2.04719e-118 0 2.07317e-317
2.07478e-317 0 -4.60138e-123 0 6.95257e-310
6.92454e-310 0 6.95251e-310 -2.04719e-118 0
6.92454e-310 2.07478e-317 0 -4.60138e-123 0
0 6.92454e-310 0 6.95251e-310 -2.04719e-118
0 6.92454e-310 2.07478e-317 0 -4.60138e-123
2.07317e-317 0 6.92454e-310 0 6.95251e-310
6.95257e-310 0 6.92454e-310 2.07478e-317 0
0 2.07317e-317 0 6.92454e-310 0
2.07319e-317 6.95257e-310 0 6.92454e-310 2.07478e-317
6.95257e-310 0 2.07317e-317 0 6.92454e-310
1.38338e-322 2.07319e-317 6.95257e-310 0 6.92454e-310
4.94066e-324 6.95257e-310 0 2.07317e-317 0
6.95257e-310 1.38338e-322 2.07319e-317 6.95257e-310 0
0 4.94066e-324 6.95257e-310 0 2.07317e-317
6.95257e-310 6.95257e-310 1.38338e-322 2.07319e-317 6.95257e-310
6.95257e-310 0 4.94066e-324 6.95257e-310 0
6.95257e-310 6.95257e-310 6.95257e-310 1.38338e-322 2.07319e-317
6.95257e-310 6.95257e-310 0 4.94066e-324 6.95257e-310
6.95257e-310 6.95257e-310 6.95257e-310 6.95257e-310 1.38338e-322
6.95257e-310 6.95257e-310 6.95257e-310 0 4.94066e-324
6.95257e-310 6.95257e-310 6.95257e-310 6.95257e-310 6.95257e-310
6.95257e-310 6.95257e-310 6.95257e-310 6.95257e-310 0
6.95257e-310 6.95257e-310 6.95257e-310 6.95257e-310 6.95257e-310
6.95257e-310 6.95257e-310 6.95257e-310 6.95257e-310 6.95257e-310
6.95257e-310 6.95257e-310 6.95257e-310 6.95257e-310 6.95257e-310
6.95257e-310 6.95257e-310 6.95257e-310 6.95257e-310 6.95257e-310
6.95257e-310 6.95257e-310 6.95257e-310 6.95257e-310 6.95257e-310
6.95257e-310 6.95257e-310 6.95257e-310 6.95257e-310 6.95257e-310
6.95257e-310 6.95257e-310 6.95257e-310 6.95257e-310 6.95257e-310
6.95257e-310 6.95257e-310 6.95257e-310 6.95257e-310 6.95257e-310
6.95257e-310 6.95257e-310 6.95257e-310 6.95257e-310 6.95257e-310
6.95257e-310 6.95257e-310 6.95257e-310 6.95257e-310 6.95257e-310
6.95257e-310 6.95257e-310 6.95257e-310 6.95257e-310 6.95257e-310
6.95257e-310 6.95257e-310 6.95257e-310 6.95257e-310 6.95257e-310
6.95257e-310 6.95257e-310 6.95257e-310 6.95257e-310 6.95257e-310
6.95257e-310 6.95257e-310 6.95257e-310 6.95257e-310 6.95257e-310
6.95257e-310 6.95257e-310 6.95257e-310 6.95257e-310 6.95257e-310
6.95257e-310 6.95257e-310 6.95257e-310 6.95257e-310 6.95257e-310
6.95257e-310 6.95257e-310 6.95257e-310 6.95257e-310 6.95257e-310
6.95257e-310 6.95257e-310 6.95257e-310 6.95257e-310 6.95257e-310
6.95257e-310 6.95257e-310 6.95257e-310 6.95257e-310 6.95257e-310
6.95257e-310 6.95257e-310 6.95257e-310 6.95257e-310 6.95257e-310
6.95257e-310 6.95257e-310 6.95257e-310 6.95257e-310 6.95257e-310
6.95257e-310 6.95257e-310 6.95257e-310 6.95257e-310 6.95257e-310
6.95257e-310 6.95257e-310 6.95257e-310 6.95257e-310 6.95257e-310
6.95257e-310 6.95257e-310 6.95257e-310 6.95257e-310 6.95257e-310
6.95257e-310 6.95257e-310 6.95257e-310 6.95257e-310 6.95257e-310
6.95257e-310 6.95257e-310 6.95257e-310 6.95257e-310 6.95257e-310
6.95257e-310 6.95257e-310 6.95257e-310 6.95257e-310 6.95257e-310
6.95257e-310 6.95257e-310 6.95257e-310 6.95257e-310 6.95257e-310
6.95257e-310 6.95257e-310 6.95257e-310 6.95257e-310 6.95257e-310
6.95257e-310 6.95257e-310 6.95257e-310 6.95257e-310 6.95257e-310
6.95257e-310 6.95257e-310 6.95257e-310 6.95257e-310 6.95257e-310
6.95257e-310 6.95257e-310 6.95257e-310 6.95257e-310 6.95257e-310
6.95257e-310 6.95257e-310 6.95257e-310 6.95257e-310 6.95257e-310
6.95257e-310 6.95257e-310 6.95257e-310 6.95257e-310 6.95257e-310
6.95257e-310 6.95257e-310 6.95257e-310 6.95257e-310 6.95257e-310
6.95257e-310 6.95257e-310 6.95257e-310 6.95257e-310 6.95257e-310
6.95257e-310 6.95257e-310 6.95257e-310 6.95257e-310 6.95257e-310
6.95257e-310 6.95257e-310 6.95257e-310 6.95257e-310 6.95257e-310
6.95257e-310 6.95257e-310 6.95257e-310 6.95257e-310 6.95257e-310
6.95257e-310 6.95257e-310 6.95257e-310 6.95257e-310 6.95257e-310
6.95257e-310 6.95257e-310 6.95257e-310 6.95257e-310 6.95257e-310
6.95257e-310 6.95257e-310 6.95257e-310 6.95257e-310 6.95257e-310
6.95257e-310 6.95257e-310 6.95257e-310 6.95257e-310 6.95257e-310
6.95257e-310 6.95257e-310 6.95257e-310 6.95257e-310 6.95257e-310
6.95257e-310 6.95257e-310 6.95257e-310 6.95257e-310 6.95257e-310
6.95257e-310 6.95257e-310 6.95257e-310 6.95257e-310 6.95257e-310
6.95257e-310 6.95257e-310 6.95257e-310 6.95257e-310 6.95257e-310
6.95257e-310 6.95257e-310 6.95257e-310 6.95257e-310 6.95257e-310
6.95257e-310 6.95257e-310 6.95257e-310 6.95257e-310 6.95257e-310
6.95257e-310 6.95257e-310 6.95257e-310 6.95257e-310 6.95257e-310
6.95257e-310 6.95257e-310 6.95257e-310 6.95257e-310 6.95257e-310
6.95257e-310 6.95257e-310 6.95257e-310 6.95257e-310 6.95257e-310
6.95257e-310 6.95257e-310 6.95257e-310 6.95257e-310 6.95257e-310
6.95257e-310 6.95257e-310 6.95257e-310 6.95257e-310 6.95257e-310
6.95257e-310 6.95257e-310 6.95257e-310 6.95257e-310 6.95257e-310
6.95257e-310 6.95257e-310 6.95257e-310 6.95257e-310 6.95257e-310
6.95257e-310 6.95257e-310 6.95257e-310 6.95257e-310 6.95257e-310
0 6.95257e-310 6.95257e-310 6.95257e-310 6.95257e-310
1.63042e-322 6.95257e-310 6.95257e-310 6.95257e-310 6.95257e-310
6.95257e-310 0 6.95257e-310 6.95257e-310 6.95257e-310
7.90505e-323 1.63042e-322 6.95257e-310 6.95257e-310 6.95257e-310
2.62529e-315 6.95257e-310 0 6.95257e-310 6.95257e-310
2.96439e-323 7.90505e-323 1.63042e-322 6.95257e-310 6.95257e-310
2.02369e-320 2.62529e-315 6.95257e-310 0 6.95257e-310
8.39912e-323 2.96439e-323 7.90505e-323 1.63042e-322 6.95257e-310
4.94066e-322 2.02369e-320 2.62529e-315 6.95257e-310 0
1.4822e-323 8.39912e-323 2.96439e-323 7.90505e-323 1.63042e-322
2.07229e-317 4.94066e-322 2.02369e-320 2.62529e-315 6.95257e-310
1.97626e-323 1.4822e-323 8.39912e-323 2.96439e-323 7.90505e-323
2.76677e-322 2.07229e-317 4.94066e-322 2.02369e-320 2.62529e-315
2.47033e-323 1.97626e-323 1.4822e-323 8.39912e-323 2.96439e-323
4.44659e-323 2.76677e-322 2.07229e-317 4.94066e-322 2.02369e-320
3.45846e-323 2.47033e-323 1.97626e-323 1.4822e-323 8.39912e-323
6.92454e-310 4.44659e-323 2.76677e-322 2.07229e-317 4.94066e-322
3.95253e-323 3.45846e-323 2.47033e-323 1.97626e-323 1.4822e-323
0 6.92454e-310 4.44659e-323 2.76677e-322 2.07229e-317
4.44659e-323 3.95253e-323 3.45846e-323 2.47033e-323 1.97626e-323
2.07317e-317 0 6.92454e-310 4.44659e-323 2.76677e-322
5.43472e-323 4.44659e-323 3.95253e-323 3.45846e-323 2.47033e-323
4.94066e-321 2.07317e-317 0 6.92454e-310 4.44659e-323
5.92879e-323 5.43472e-323 4.44659e-323 3.95253e-323 3.45846e-323
4.94066e-321 4.94066e-321 2.07317e-317 0 6.92454e-310
6.42285e-323 5.92879e-323 5.43472e-323 4.44659e-323 3.95253e-323
4.94066e-321 4.94066e-321 4.94066e-321 2.07317e-317 0
6.91692e-323 6.42285e-323 5.92879e-323 5.43472e-323 4.44659e-323
4.94066e-321 4.94066e-321 4.94066e-321 4.94066e-321 2.07317e-317
1.13635e-322 6.91692e-323 6.42285e-323 5.92879e-323 5.43472e-323
0 4.94066e-321 4.94066e-321 4.94066e-321 4.94066e-321
1.23516e-322 1.13635e-322 6.91692e-323 6.42285e-323 5.92879e-323
6.95257e-310 0 4.94066e-321 4.94066e-321 4.94066e-321
1.5316e-322 1.23516e-322 1.13635e-322 6.91692e-323 6.42285e-323
6.95257e-310 6.95257e-310 0 4.94066e-321 4.94066e-321
7.41098e-323 1.5316e-322 1.23516e-322 1.13635e-322 6.91692e-323
6.95257e-310 6.95257e-310 6.95257e-310 0 4.94066e-321
0 7.41098e-323 1.5316e-322 1.23516e-322 1.13635e-322
0 6.95257e-310 6.95257e-310 6.95257e-310 0
2.21899e-199 0 7.41098e-323 1.5316e-322 1.23516e-322
1.52558e-223 0 6.95257e-310 6.95257e-310 6.95257e-310
1.12435e-307 2.21899e-199 0 7.41098e-323 1.5316e-322
0 1.52558e-223 0 6.95257e-310 6.95257e-310
0 1.12435e-307 2.21899e-199 0 7.41098e-323
0 0 1.52558e-223 0 6.95257e-310
0 0 1.12435e-307 2.21899e-199 0
0 0 0 1.52558e-223 0
0 0 0 1.12435e-307 2.21899e-199
0 0 0 0 1.52558e-223
0 0 0 0 1.12435e-307
0 0 0 0 0
0 0 0 0 0
0 0 0 0 0
0 0 0 0 0
0 0 0 0 0
0 0 0 0 0
0 0 0 0 0
0 0 0 0 0
0 0 0 0 0
0 0 0 0 0
0 0 0 0 0
0 0 0 0 0
0 0 0 0 0
0 0 0 0 0
0 0 0 0 0
0 0 0 0 0
0 0 0 0 0
0 0 0 0 0
0 0 0 0 0
0 0 0 0 0
0 0 0 0 0
0 0 0 0 0
0 0 0 0 0
0 0 0 0 0
0 0 0 0 0
0 0 0 0 0
0 0 0 0 0
0 0 0 0 0
0 0 0 0 0
0 0 0 0 0
0 0 0 0 0
0 0 0 0 0
0 0 0 0 0
0 0 0 0 0
0 0 0 0 0
0 0 0 0 0
0 0 0 0 0
0 0 0 0 0
0 0 0 0 0
0 0 0 0 0
0 0 0 0 0
0 0 0 0 0
0 0 0 0 0
0 0 0 0 0
0 0 0 0 0
0 0 0 0 0
0 0 0 0 0
0 0 0 0 0
0 0 0 0 0
0 0 0 0 0
0 0 0 0 0
0 0 0 0 0
0 0 0 0 0
0 0 0 0 0
0 0 0 0 0
0 0 0 0 0
0 0 0 0 0
0 0 0 0 0
0 0 0 0 0
0 0 0 0 0
0 0 0 0 0
0 0 0 0 0
0 0 0 0 0
0 0 0 0 0
0 0 0 0 0
0 0 0 0 0
0 0 0 0 0
0 0 0 0 0
0 0 0 0 0
0 0 0 0 0
0 0 0 0 0
0 0 0 0 0
0 0 0 0 0
0 0 0 0 0
0 0 0 0 0
0 0 0 0 0
0 0 0 0 0
0 0 0 0 0
0 0 0 0 0
0 0 0 0 0
0 0 0 0 0
0 0 0 0 0
0 0 0 0 0
0 0 0 0 0
0 0 0 0 0
0 0 0 0 0
0 0 0 0 0
0 0 0 0 0
0 0 0 0 0
0 0 0 0 0
0 0 0 0 0
0 0 0 0 0
0 0 0 0 0
0 0 0 0 0
0 0 0 0 0
0 0 0 0 0
0 0 0 0 0
0 0 0 0 0
0 0 0 0 0
0 0 0 0 0
0 0 0 0 0
0 0 0 0 0
0 0 0 0 0
0 0 0 0 0
0 0 0 0 0
0 0 0 0 0
0 0 0 0 0
0 0 0 0 0
0 0 0 0 0
0 0 0 0 0
0 0 0 0 0
0 0 0 0 0
0 0 0 0 0
0 0 0 0 0
0 0 0 0 0
0 0 0 0 0
0 0 0 0 0
0 0 0 0 0
0 0 0 0 0
0 0 0 0 0
0 0 0 0 0
0 0 0 0 0
0 0 0 0 0
0 0 0 0 0
0 0 0 0 0
0 0 0 0 0
0 0 0 0 0
0 0 0 0 0
0 0 0 0 0
0 0 0 0 0
0 0 0 0 0
0 0 0 0 0
0 0 0 0 0
0 0 0 0 0
0 0 0 0 0
0 0 0 0 0
0 0 0 0 0
0 0 0 0 0
0 0 0 0 0
0 0 0 0 0
0 0 0 0 0
0 0 0 0 0
0 0 0 0 0
0 0 0 0 0
0 0 0 0 0
0 0 0 0 0
0 0 0 0 0
0 0 0 0 0
0 0 0 0 0
0 0 0 0 0
0 0 0 0 0
0 0 0 0 0
0 0 0 0 0
0 0 0 0 0
0 0 0 0 0
0 0 0 0 0
0 0 0 0 0
0 0 0 0 0
0 0 0 0 0
0 0 0 0 0
0 0 0 0 0
0 0 0 0 0
0 0 0 0 0
0 0 0 0 0
0 0 0 0 0
0 0 0 0 0
0 0 0 0 0
0 0 0 0 0
0 0 0 0 0
0 0 0 0 0
0 0 0 0 0
0 0 0 0 0
0 0 0 0 0
0 0 0 0 0
0 0 0 0 0
0 0 0 0 0
0 0 0 0 0
0 0 0 0 0
0 0 0 0 0
0 0 0 0 0
0 0 0 0 0
0 0 0 0 0
0 0 0 0 0
0 0 0 0 0
0 0 0 0 0
0 0 0 0 0
0 0 0 0 0
0 0 0 0 0
0 0 0 0 0
0 0 0 0 0
0 0 0 0 0
0 0 0 0 0
0 0 0 0 0
0 0 0 0 0
0 0 0 0 0
0 0 0 0 0
0 0 0 0 0
0 0 0 0 0
0 0 0 0 0
0 0 0 0 0
0 0 0 0 0
0 0 0 0 0
0 0 0 0 0
0 0 0 0 0
0 0 0 0 0
0 0 0 0 0
0 0 0 0 0
0 0 0 0 0
0 0 0 0 0
0 0 0 0 0
0 0 0 0 0
0 0 0 0 0
0 0 0 0 0
0 0 0 0 0
0 0 0 0 0
0 0 0 0 0
0 0 0 0 0
0 0 0 0 0
0 0 0 0 0
0 0 0 0 0
0 0 0 0 0
0 0 0 0 0
0 0 0 0 0
0 0 0 0 0
0 0 0 0 0
0 0 0 0 0
0 0 0 0 0
0 0 0 0 0
0 0 0 0 0
0 0 0 0 0
0 0 0 0 0
0 0 0 0 0
0 0 0 0 0
0 0 0 0 0
0 0 0 0 0
0 0 0 0 0
0 0 0 0 0
0 0 0 0 0
0 0 0 0 0
0 0 0 0 0
0 0 0 0 0
0 0 0 0 0
0 0 0 0 0
0 0 0 0 0
0 0 0 0 0
0 0 0 0 0
0 0 0 0 0
0 0 0 0 0
0 0 0 0 0
0 0 0 0 0
0 0 0 0 0
0 0 0 0 0
0 0 0 0 0
0 0 0 0 0
0 0 0 0 0
0 0 0 0 0
0 0 0 0 0
0 0 0 0 0
0 0 0 0 0
0 0 0 0 0
0 0 0 0 0
0 0 0 0 0
0 0 0 0 0
0 0 0 0 0
0 0 0 0 0
0 0 0 0 0
0 0 0 0 0
0 0 0 0 0
0 0 0 0 0
0 0 0 0 0
0 0 0 0 0
0 0 0 0 0
0 0 0 0 0
0 0 0 0 0
0 0 0 0 0
0 0 0 0 0
0 0 0 0 0
0 0 0 0 0
0 0 0 0 0
0 0 0 0 0
0 0 0 0 0
0 0 0 0 0
0 0 0 0 0
0 0 0 0 0
0 0 0 0 0
0 0 0 0 0
0 0 0 0 0
0 0 0 0 0
0 0 0 0 0
0 0 0 0 0
0 0 0 0 0
0 0 0 0 0
0 0 0 0 0
0 0 0 0 0
0 0 0 0 0
0 0 0 0 0
0 0 0 0 0
0 0 0 0 0
0 0 0 0 0
0 0 0 0 0
0 0 0 0 0
0 0 0 0 0
0 0 0 0 0
0 0 0 0 0
0 0 0 0 0
0 0 0 0 0
0 0 0 0 0
0 0 0 0 0
0 0 0 0 0
0 0 0 0 0
0 0 0 0 0
0 0 0 0 0
0 0 0 0 0
0 0 0 0 0
0 0 0 0 0
0 0 0 0 0
0 0 0 0 0
0 0 0 0 0
0 0 0 0 0
0 0 0 0 0
0 0 0 0 0
0 0 0 0 0
0 0 0 0 0
0 0 0 0 0
0 0 0 0 0
0 0 0 0 0
0 0 0 0 0
0 0 0 0 0
0 0 0 0 0
0 0 0 0 0
0 0 0 0 0
0 0 0 0 0
0 0 0 0 0
0 0 0 0 0
0 0 0 0 0
0 0 0 0 0
0 0 0 0 0
0 0 0 0 0
0 0 0 0 0
0 0 0 0 0
0 0 0 0 0
0 0 0 0 0
0 0 0 0 0
0 0 0 0 0
0 0 0 0 0
0 0 0 0 0
0 0 0 0 0
0 0 0 0 0
0 0 0 0 0
0 0 0 0 0
0 0 0 0 0
0 0 0 0 0
0 0 0 0 0
0 0 0 0 0
0 0 0 0 0
0 0 0 0 0
0 0 0 0 0
0 0 0 0 0
0 0 0 0 0
0 0 0 0 0
0 0 0 0 0
0 0 0 0 0
0 0 0 0 0
0 0 0 0 0
0 0 0 0 0
0 0 0 0 0
0 0 0 0 0
0 0 0 0 0
0 0 0 0 0
0 0 0 0 0
0 0 0 0 0
0 0 0 0 0
0 0 0 0 0
0 0 0 0 0
0 0 0 0 0
0 0 0 0 0
0 0 0 0 0
0 0 0 0 0
0 0 0 0 0
0 0 0 0 0
0 0 0 0 0
0 0 0 0 0
0 0 0 0 0
0 0 0 0 0
0 0 0 0 0
0 0 0 0 0
0 0 0 0 0
0 0 0 0 0
0 0 0 0 0
0 0 0 0 0
0 0 0 0 0
0 0 0 0 0
0 0 0 0 0
0 0 0 0 0
0 0 0 0 0
0 0 0 0 0
0 0 0 0 0
0 0 0 0 0
0 0 0 0 0
0 0 0 0 0
0 0 0 0 0
0 0 0 0 0
0 0 0 0 0
0 0 0 0 0
0 0 0 0 0
0 0 0 0 0
0 0 0 0 0
0 0 0 0 0
0 0 0 0 0
0 0 0 0 0
0 0 0 0 0
0 0 0 0 0
0 0 0 0 0
0 0 0 0 0
0 0 0 0 0
0 0 0 0 0
0 0 0 0 0
0 0 0 0 0
0 0 0 0 0
0 0 0 0 0
0 0 0 0 0
0 0 0 0 0
0 0 0 0 0
0 0 0 0 0
0 0 0 0 0
0 0 0 0 0
0 0 0 0 0
0 0 0 0 0
0 0 0 0 0
0 0 0 0 0
0 0 0 0 0
0 0 0 0 0
0 0 0 0 0
0 0 0 0 0
0 0 0 0 0
0 0 0 0 0
0 0 0 0 0
0 0 0 0 0
0 0 0 0 0
0 0 0 0 0
0 0 0 0 0
0 0 0 0 0
0 0 0 0 0
0 0 0 0 0
0 0 0 0 0
0 0 0 0 0
0 0 0 0 0
0 0 0 0 0
0 0 0 0 0
0 0 0 0 0
0 0 0 0 0
0 0 0 0 0
0 0 0 0 0
0 0 0 0 0
0 0 0 0 0
0 0 0 0 0
0 0 0 0 0
0 0 0 0 0
0 0 0 0 0
0 0 0 0 0
0 0 0 0 0
0 0 0 0 0
0 0 0 0 0
0 0 0 0 0
0 0 0 0 0
0 0 0 0 0
0 0 0 0 0
0 0 0 0 0
0 0 0 0 0
0 0 0 0 0
0 0 0 0 0
0 0 0 0 0
0 0 0 0 0
0 0 0 0 0
0 0 0 0 0
0 0 0 0 0
0 0 0 0 0
0 0 0 0 0
0 0 0 0 0
0 0 0 0 0
0 0 0 0 0
0 0 0 0 0
0 0 0 0 0
0 0 0 0 0
0 0 0 0 0
0 0 0 0 0
0 0 0 0 0
0 0 0 0 0
0 0 0 0 0
0 0 0 0 0
0 0 0 0 0
0 0 0 0 0
0 0 0 0 0
0 0 0 0 0
